2 0.555370 0.388148 0.100000 0.196296
2 0.657222 0.386296 0.118519 0.200000
2 0.551667 0.710370 0.107407 0.266667
2 0.448889 0.690926 0.087037 0.261111
2 0.347037 0.694630 0.101852 0.246296
2 0.249815 0.677963 0.100000 0.242593
2 0.659074 0.714074 0.111111 0.277778
2 0.769259 0.711296 0.124074 0.268519
2 0.886852 0.746481 0.100000 0.220370
2 0.960093 0.712222 0.079815 0.288889
2 0.095185 0.692778 0.127778 0.175926
2 0.058148 0.390926 0.094444 0.179630
2 0.152593 0.387222 0.101852 0.194444
2 0.246111 0.391852 0.107407 0.192593
2 0.336944 0.385370 0.096111 0.183333
2 0.450000 0.390741 0.114815 0.181481
2 0.773148 0.387037 0.120370 0.200000
2 0.883333 0.377778 0.133333 0.211111
2 0.970370 0.387963 0.059259 0.205556
2 0.024074 0.651852 0.025926 0.170370
2 0.158333 0.679630 0.075926 0.192593
2 0.050093 0.143889 0.087222 0.109259
2 0.155648 0.114259 0.090556 0.172222
