2 0.879926 0.170382 0.163618 0.291118
2 0.742853 0.477456 0.165765 0.284735
2 0.901176 0.483824 0.155118 0.297471
2 0.756662 0.170397 0.125382 0.295382
2 0.628103 0.167206 0.144500 0.289000
2 0.502735 0.169324 0.131765 0.289000
2 0.382676 0.168265 0.138118 0.286882
2 0.254118 0.167206 0.153000 0.289000
2 0.113868 0.174647 0.140265 0.295353
2 0.101118 0.476382 0.148765 0.291118
2 0.264750 0.479574 0.165735 0.284735
2 0.423059 0.480632 0.155118 0.286853
2 0.585618 0.479574 0.157235 0.288971
2 0.101118 0.788750 0.153000 0.286853
2 0.234985 0.790882 0.144500 0.291118
2 0.366735 0.791941 0.136000 0.293235
2 0.496368 0.789809 0.148735 0.280500
2 0.627044 0.790882 0.129618 0.286882
2 0.761985 0.788750 0.148735 0.282618
2 0.895853 0.789809 0.165765 0.284735
