2 0.248603 0.348039 0.074912 0.204000
2 0.353794 0.346980 0.071706 0.201882
2 0.463750 0.346980 0.074912 0.193333
2 0.564162 0.339529 0.078088 0.208235
2 0.668544 0.336353 0.079676 0.197647
2 0.776912 0.338471 0.086059 0.201882
2 0.243809 0.647667 0.078088 0.212510
2 0.357765 0.639176 0.086059 0.225255
2 0.462956 0.637039 0.076500 0.212510
2 0.577706 0.638098 0.079706 0.218863
2 0.682882 0.635980 0.089235 0.218863
2 0.799235 0.629608 0.082882 0.227373
2 0.237824 0.909941 0.081059 0.173529
2 0.355162 0.909922 0.076794 0.167843
2 0.468235 0.914431 0.064000 0.171137
2 0.585809 0.908529 0.075324 0.182941
2 0.696853 0.905686 0.082235 0.187529
2 0.813309 0.904941 0.084559 0.190118
