2 0.113838 0.437581 0.159912 0.174592
2 0.275765 0.579801 0.137118 0.147875
2 0.454015 0.717552 0.180206 0.152903
2 0.610735 0.581063 0.180235 0.155446
2 0.786059 0.433197 0.154765 0.140285
2 0.922897 0.593065 0.154206 0.154175
2 0.110235 0.722609 0.154765 0.152922
2 0.452059 0.429412 0.156706 0.150398
2 0.781206 0.730218 0.176412 0.155503
2 0.447162 0.580427 0.174324 0.136490
2 0.279676 0.722609 0.144941 0.152922
2 0.112206 0.584222 0.170412 0.149127
2 0.265971 0.436366 0.137118 0.149127
2 0.610735 0.430674 0.156706 0.147875
2 0.610721 0.721347 0.172382 0.142808
2 0.931721 0.735882 0.136559 0.159241
2 0.928779 0.440152 0.142441 0.151651
